              precision    recall  f1-score   support

           0       0.28      0.47      0.35        15
           1       0.12      0.21      0.16        19
           2       0.00      0.00      0.00        14
           3       0.00      0.00      0.00        23
           4       0.00      0.00      0.00         9
           5       0.11      0.05      0.07        19
           6       0.25      0.10      0.14        20
           7       0.00      0.00      0.00         4
           8       0.19      0.13      0.15        23
           9       0.07      0.10      0.08        10
          10       0.11      0.24      0.15        17
          11       0.09      0.13      0.11        15
          12       0.12      0.12      0.12        17
          13       0.06      0.06      0.06        16
          14       0.17      0.14      0.15        21
          15       0.00      0.00      0.00        13
          16       0.00      0.00      0.00        22
          17       0.20      0.25      0.22         4
          18       0.11      0.14      0.12        14
          19       0.09      0.17      0.11        12
          20       0.23      0.29      0.26        17
          21       0.00      0.00      0.00        17
          22       0.21      0.27      0.24        11
          23       0.10      0.12      0.11        16
          24       0.13      0.14      0.14        21
          25       0.00      0.00      0.00         8
          26       0.36      0.53      0.43        15
          27       0.39      0.61      0.48        18
          28       0.21      0.33      0.26        18
          29       0.00      0.00      0.00        21
          30       0.20      0.28      0.23        18
          31       0.00      0.00      0.00         4
          32       0.33      0.82      0.47        11
          33       0.11      0.17      0.13        18
          34       0.00      0.00      0.00         1
          35       0.00      0.00      0.00        11
          36       0.10      0.11      0.11         9
          37       0.00      0.00      0.00         9
          38       0.00      0.00      0.00         3
          39       0.12      0.12      0.12         8
          40       0.00      0.00      0.00         3
          41       0.00      0.00      0.00         6
          42       0.20      0.19      0.19        16
          43       0.42      0.47      0.44        17
          44       0.09      0.21      0.12        19
          45       0.22      0.22      0.22         9
          46       0.00      0.00      0.00         7
          47       0.15      0.17      0.16        12
          48       0.11      0.17      0.13        18
          49       0.00      0.00      0.00         2
          50       0.00      0.00      0.00         1
          51       0.14      0.19      0.16        16
          52       0.14      0.10      0.11        21
          53       0.10      0.15      0.12        13
          54       0.12      0.05      0.07        20
          55       0.00      0.00      0.00        13
          56       0.14      0.19      0.16        16
          57       0.18      0.13      0.15        23
          58       0.00      0.00      0.00         8
          59       0.08      0.06      0.06        18
          60       0.25      0.22      0.24        18
          61       0.20      0.14      0.17        14
          62       0.26      0.26      0.26        19
          63       0.00      0.00      0.00         5
          64       0.10      0.07      0.08        14
          65       0.21      0.36      0.27        11
          66       0.22      0.19      0.20        26
          67       0.00      0.00      0.00         6
          68       0.00      0.00      0.00         1
          69       0.12      0.21      0.16        14
          70       0.00      0.00      0.00         8
          71       0.00      0.00      0.00         1
          72       0.00      0.00      0.00         2
          73       0.00      0.00      0.00         4
          74       0.00      0.00      0.00         8
          75       0.00      0.00      0.00         4
          76       0.00      0.00      0.00         1
          77       0.10      0.33      0.15         3
          78       0.00      0.00      0.00         4
          79       0.00      0.00      0.00         2
          80       0.00      0.00      0.00         5
          81       0.00      0.00      0.00        11
          82       0.00      0.00      0.00         5
          83       0.00      0.00      0.00         2
          84       0.00      0.00      0.00         4
          85       0.10      0.17      0.12         6
          86       0.13      0.22      0.17         9
          87       0.00      0.00      0.00         5
          88       0.00      0.00      0.00         1
          89       0.00      0.00      0.00         5
          90       0.00      0.00      0.00         5
          91       0.00      0.00      0.00         2
          92       0.00      0.00      0.00         1
          93       0.00      0.00      0.00         5
          94       0.19      0.38      0.26        13
          95       0.00      0.00      0.00         2
          96       0.00      0.00      0.00         4
          97       0.00      0.00      0.00         1
          98       0.00      0.00      0.00        12
          99       0.00      0.00      0.00         4
         100       0.00      0.00      0.00         2
         101       0.00      0.00      0.00        12
         102       0.00      0.00      0.00         3
         103       0.00      0.00      0.00         2
         104       0.00      0.00      0.00         2
         105       0.00      0.00      0.00         1
         106       0.00      0.00      0.00         2
         107       0.00      0.00      0.00         2
         108       0.09      0.14      0.11         7
         109       0.00      0.00      0.00         4
         110       0.00      0.00      0.00         6
         111       0.00      0.00      0.00         3
         112       0.00      0.00      0.00        10
         113       0.00      0.00      0.00         2
         114       0.00      0.00      0.00         2
         115       0.00      0.00      0.00         3
         116       0.00      0.00      0.00         4
         117       0.00      0.00      0.00         2
         118       0.00      0.00      0.00         1
         119       0.00      0.00      0.00         1
         120       0.00      0.00      0.00         6
         121       0.11      0.14      0.12         7
         122       0.25      0.29      0.27         7
         123       0.12      0.22      0.15         9
         124       0.00      0.00      0.00         2
         125       0.00      0.00      0.00         9
         126       0.00      0.00      0.00         1
         127       0.00      0.00      0.00         1
         128       0.00      0.00      0.00         7
         129       0.00      0.00      0.00         7
         130       0.00      0.00      0.00         2
         131       0.00      0.00      0.00         1
         132       0.00      0.00      0.00         6
         133       0.00      0.00      0.00         2
         134       0.00      0.00      0.00         4
         135       0.00      0.00      0.00         1
         136       0.00      0.00      0.00         1
         137       0.00      0.00      0.00         2
         138       0.00      0.00      0.00         6
         139       0.00      0.00      0.00         2
         140       0.00      0.00      0.00         2
         141       0.17      0.33      0.22         3
         142       0.00      0.00      0.00         4
         143       0.00      0.00      0.00         5
         144       0.00      0.00      0.00         4
         145       0.00      0.00      0.00         5
         146       0.25      0.20      0.22         5
         147       0.19      0.40      0.26        10
         148       0.00      0.00      0.00         5
         149       1.00      0.12      0.22         8
         150       0.00      0.00      0.00         2
         151       0.00      0.00      0.00         6
         152       0.00      0.00      0.00         3
         153       0.00      0.00      0.00         2
         154       0.00      0.00      0.00         1
         155       0.33      0.33      0.33         3
         156       0.00      0.00      0.00         2
         157       0.00      0.00      0.00         3
         158       0.00      0.00      0.00         8
         159       0.19      0.75      0.30         4
         160       0.00      0.00      0.00         2
         161       0.22      0.40      0.29        10
         162       0.00      0.00      0.00         2
         163       0.00      0.00      0.00         4
         164       0.00      0.00      0.00         5
         165       0.00      0.00      0.00         4
         166       0.00      0.00      0.00         2
         167       0.00      0.00      0.00        13
         168       0.00      0.00      0.00         5
         169       0.00      0.00      0.00         3
         170       0.00      0.00      0.00         1
         171       0.20      0.14      0.17         7
         172       0.00      0.00      0.00         8
         173       0.00      0.00      0.00         3
         174       0.00      0.00      0.00         1
         175       0.00      0.00      0.00         2
         176       0.17      0.60      0.26         5
         177       0.00      0.00      0.00         6
         178       0.00      0.00      0.00         6
         179       0.00      0.00      0.00         1
         180       0.00      0.00      0.00         1
         181       0.00      0.00      0.00         4
         182       0.00      0.00      0.00         1
         183       0.00      0.00      0.00         2
         184       0.20      0.25      0.22         4
         185       0.27      0.38      0.32         8
         186       0.22      0.21      0.22        19
         187       0.00      0.00      0.00         5
         188       0.25      0.20      0.22         5
         189       0.00      0.00      0.00         1
         190       0.33      0.20      0.25        10
         191       0.00      0.00      0.00         5
         192       0.20      0.11      0.14         9
         193       0.00      0.00      0.00         4
         194       0.00      0.00      0.00         7
         195       0.00      0.00      0.00         3
         196       0.00      0.00      0.00         4
         197       0.00      0.00      0.00         4
         198       0.00      0.00      0.00         5
         199       0.00      0.00      0.00         3

    accuracy                           0.13      1519
   macro avg       0.07      0.08      0.07      1519
weighted avg       0.11      0.13      0.11      1519
