              precision    recall  f1-score   support

           0       0.22      0.33      0.26        15
           1       0.29      0.21      0.24        19
           2       0.00      0.00      0.00        14
           3       0.00      0.00      0.00        23
           4       0.00      0.00      0.00         9
           5       0.00      0.00      0.00        19
           6       0.50      0.20      0.29        20
           7       0.00      0.00      0.00         4
           8       0.05      0.04      0.05        23
           9       0.04      0.10      0.06        10
          10       0.29      0.47      0.36        17
          11       0.19      0.27      0.22        15
          12       0.09      0.18      0.12        17
          13       0.00      0.00      0.00        16
          14       0.08      0.10      0.09        21
          15       0.00      0.00      0.00        13
          16       0.17      0.09      0.12        22
          17       0.00      0.00      0.00         4
          18       0.33      0.14      0.20        14
          19       0.07      0.08      0.08        12
          20       0.07      0.12      0.09        17
          21       0.14      0.18      0.15        17
          22       0.14      0.09      0.11        11
          23       0.11      0.06      0.08        16
          24       0.12      0.14      0.13        21
          25       0.00      0.00      0.00         8
          26       0.22      0.27      0.24        15
          27       0.24      0.44      0.31        18
          28       0.20      0.50      0.28        18
          29       0.25      0.05      0.08        21
          30       0.13      0.17      0.15        18
          31       0.25      0.25      0.25         4
          32       0.24      0.91      0.38        11
          33       0.09      0.22      0.13        18
          34       0.00      0.00      0.00         1
          35       0.17      0.09      0.12        11
          36       0.00      0.00      0.00         9
          37       0.00      0.00      0.00         9
          38       0.00      0.00      0.00         3
          39       0.11      0.12      0.12         8
          40       0.00      0.00      0.00         3
          41       0.00      0.00      0.00         6
          42       0.00      0.00      0.00        16
          43       0.24      0.24      0.24        17
          44       0.07      0.21      0.11        19
          45       0.22      0.22      0.22         9
          46       1.00      0.14      0.25         7
          47       0.15      0.17      0.16        12
          48       0.13      0.39      0.20        18
          49       0.00      0.00      0.00         2
          50       0.00      0.00      0.00         1
          51       0.00      0.00      0.00        16
          52       0.07      0.05      0.06        21
          53       0.00      0.00      0.00        13
          54       0.12      0.10      0.11        20
          55       0.12      0.08      0.10        13
          56       0.20      0.19      0.19        16
          57       0.08      0.04      0.06        23
          58       0.00      0.00      0.00         8
          59       0.18      0.11      0.14        18
          60       0.00      0.00      0.00        18
          61       0.13      0.14      0.14        14
          62       0.16      0.16      0.16        19
          63       0.00      0.00      0.00         5
          64       0.10      0.07      0.08        14
          65       0.11      0.09      0.10        11
          66       0.08      0.08      0.08        26
          67       0.00      0.00      0.00         6
          68       0.00      0.00      0.00         1
          69       0.04      0.07      0.05        14
          70       0.00      0.00      0.00         8
          71       0.00      0.00      0.00         1
          72       0.00      0.00      0.00         2
          73       0.38      0.75      0.50         4
          74       0.00      0.00      0.00         8
          75       0.00      0.00      0.00         4
          76       0.00      0.00      0.00         1
          77       0.33      0.67      0.44         3
          78       0.00      0.00      0.00         4
          79       0.00      0.00      0.00         2
          80       0.00      0.00      0.00         5
          81       0.00      0.00      0.00        11
          82       0.00      0.00      0.00         5
          83       0.00      0.00      0.00         2
          84       0.00      0.00      0.00         4
          85       0.33      0.17      0.22         6
          86       0.16      0.33      0.21         9
          87       0.00      0.00      0.00         5
          88       0.00      0.00      0.00         1
          89       0.00      0.00      0.00         5
          90       0.00      0.00      0.00         5
          91       0.00      0.00      0.00         2
          92       0.00      0.00      0.00         1
          93       0.00      0.00      0.00         5
          94       0.06      0.15      0.09        13
          95       0.00      0.00      0.00         2
          96       0.00      0.00      0.00         4
          97       0.00      0.00      0.00         1
          98       0.25      0.17      0.20        12
          99       0.00      0.00      0.00         4
         100       0.00      0.00      0.00         2
         101       0.00      0.00      0.00        12
         102       0.00      0.00      0.00         3
         103       0.00      0.00      0.00         2
         104       0.00      0.00      0.00         2
         105       0.00      0.00      0.00         1
         106       0.00      0.00      0.00         2
         107       0.00      0.00      0.00         2
         108       0.25      0.29      0.27         7
         109       0.00      0.00      0.00         4
         110       0.00      0.00      0.00         6
         111       0.00      0.00      0.00         3
         112       0.00      0.00      0.00        10
         113       0.00      0.00      0.00         2
         114       0.00      0.00      0.00         2
         115       0.00      0.00      0.00         3
         116       0.00      0.00      0.00         4
         117       0.00      0.00      0.00         2
         118       0.00      0.00      0.00         1
         119       0.00      0.00      0.00         1
         120       0.00      0.00      0.00         6
         121       0.06      0.14      0.09         7
         122       0.33      0.14      0.20         7
         123       0.00      0.00      0.00         9
         124       0.00      0.00      0.00         2
         125       0.00      0.00      0.00         9
         126       0.00      0.00      0.00         1
         127       0.00      0.00      0.00         1
         128       0.00      0.00      0.00         7
         129       0.00      0.00      0.00         7
         130       0.00      0.00      0.00         2
         131       0.00      0.00      0.00         1
         132       0.00      0.00      0.00         6
         133       0.00      0.00      0.00         2
         134       0.25      0.25      0.25         4
         135       0.00      0.00      0.00         1
         136       0.00      0.00      0.00         1
         137       0.00      0.00      0.00         2
         138       0.00      0.00      0.00         6
         139       0.00      0.00      0.00         2
         140       0.00      0.00      0.00         2
         141       0.00      0.00      0.00         3
         142       0.00      0.00      0.00         4
         143       0.00      0.00      0.00         5
         144       0.00      0.00      0.00         4
         145       0.00      0.00      0.00         5
         146       0.00      0.00      0.00         5
         147       0.05      0.10      0.07        10
         148       0.00      0.00      0.00         5
         149       0.00      0.00      0.00         8
         150       0.00      0.00      0.00         2
         151       0.50      0.17      0.25         6
         152       0.00      0.00      0.00         3
         153       0.00      0.00      0.00         2
         154       0.00      0.00      0.00         1
         155       0.00      0.00      0.00         3
         156       0.00      0.00      0.00         2
         157       0.00      0.00      0.00         3
         158       0.00      0.00      0.00         8
         159       0.07      0.25      0.11         4
         160       0.00      0.00      0.00         2
         161       0.11      0.30      0.16        10
         162       0.00      0.00      0.00         2
         163       0.00      0.00      0.00         4
         164       0.00      0.00      0.00         5
         165       0.00      0.00      0.00         4
         166       0.00      0.00      0.00         2
         167       0.00      0.00      0.00        13
         168       0.00      0.00      0.00         5
         169       0.25      0.33      0.29         3
         170       0.00      0.00      0.00         1
         171       0.00      0.00      0.00         7
         172       0.00      0.00      0.00         8
         173       0.00      0.00      0.00         3
         174       0.00      0.00      0.00         1
         175       0.00      0.00      0.00         2
         176       0.15      0.60      0.24         5
         177       0.00      0.00      0.00         6
         178       0.00      0.00      0.00         6
         179       0.00      0.00      0.00         1
         180       0.00      0.00      0.00         1
         181       0.00      0.00      0.00         4
         182       0.00      0.00      0.00         1
         183       0.00      0.00      0.00         2
         184       0.00      0.00      0.00         4
         185       0.17      0.25      0.20         8
         186       0.12      0.11      0.11        19
         187       0.00      0.00      0.00         5
         188       0.00      0.00      0.00         5
         189       0.00      0.00      0.00         1
         190       0.23      0.50      0.31        10
         191       0.00      0.00      0.00         5
         192       0.09      0.11      0.10         9
         193       0.00      0.00      0.00         4
         194       0.00      0.00      0.00         7
         195       0.00      0.00      0.00         3
         196       0.00      0.00      0.00         4
         197       0.00      0.00      0.00         4
         198       0.00      0.00      0.00         5
         199       0.00      0.00      0.00         3

    accuracy                           0.11      1519
   macro avg       0.06      0.07      0.06      1519
weighted avg       0.10      0.11      0.09      1519
